18.11687,3.296249,1,10 18.15625,4.561247,1,10 21.875,3.296249,1,10 21.859375,4.561247,1,10 19.28125,6.4812407,1,10 21.234375,6.481608,1,10 24.582151,3.2962496,1,10 24.594547,4.57621,1,10 25.862324,3.2965355,1,10 25.874529,4.5615687,1,10 24.890625,6.1836457,1,10 24.859375,7.4486427,1,10 25.53938,6.1836476,1,10 25.499367,7.4486446,1,10 30.40625,7.1062317,1,10 17.63313,3.9212496,1,11 20.140625,3.9212496,1,11 22.375,3.9212496,1,11 18.890625,5.357495,0,11 21.546875,5.357495,0,11 20.140625,5.684993,0,11 24.098408,3.9222221,1,11 26.4375,3.9212496,1,11 25.203125,5.3874035,0,11 24.375633,6.8086505,1,11 26.02312,6.8086505,1,11 25.1875,8.24489,0,11 24.614796,9.666136,1,11 25.595245,9.666136,1,11 28.8125,3.9212477,1,11 31.21875,3.921248,1,11 30.015625,5.3424926,0,11 29.90625,6.3099847,0,11 18.390625,5.8412433,0,12 22.15625,5.8412433,0,12 25.22233,2.9837399,0,12 25.222145,3.6237135,0,12 25.234537,4.263691,0,12 25.234539,4.9036694,0,12 25.111502,8.728637,0,12 25.106943,9.368632,0,12 25.106686,10.008628,0,12 25.09854,10.648623,0,12 29.28125,5.8262377,0,12 30.5625,5.8262386,0,12 
19.015625,3.1343195,20 20.90625,3.1333332,20 29.52767,3.1299994,20 30.548763,3.1309402,20 29.53125,6.9399786,20 20.1875,6.315169,21 
3 2 1 2 3 4 







